$ANSIBLE_VAULT;1.1;AES256
61316464346536633031623234396334336231613634626466323764363162303334626266306163
3431393830306162316163363034343764396461353334300a313766326233656261313438653833
37366236303865633537656262386162313163393238353433353132363731303865326630666534
6564643339333831310a366137323531643763303032303330653739373731643330653132336535
35643963663739366630663331626564343338393931653330313635623439353834633766613161
39623633363430643064383136383262353731306436623232353963333664383064646137373163
37616366313234353462303066303134366232323731366530623765323536653934383330336362
63303330386239393962353537666639353432653836343038656534616137656236393363356562
31393062373531643136346238396336336233663231613164636433303063383361656539623135
38623739303534316634396661396539376266353566643566663238363164363139306237343433
65313530633435303861666432366635346534356566633536653962356130373836633661326534
38333135343866653630636335376161646162646131306636373461383930306631366438663236
32313033326633386638636462656538643030343161623462333433666337656163396631303732
63303138373433643732653162386636656265643435363838653936663061306166313133333635
63373139633136653139373166333435643936653161613832333462613032613562386631393961
35396461656535646361316237306530666431383234333439623562363035353265393932353163
38333564623165363539346136656236306535333564353837613636396637393363646136623235
61633635613339343763656433636138653730323565326436306336376464326531653035656337
63393237663537666666643935626435633864383034363735376365636632646562333861306533
30383466653239376637333766336265346231333165303065653961653962353831396364626361
38323663653464613431383833333233303561353035333837393039616339633166626535313530
33323062623134366132386635346164636461313761653632333661663834353933623636373663
38323965646566373037373261386137316661303135306537373165336530376564396430336465
65616238636265653036643163396161396334396634666438643164383238306231393031383030
66666561356135303865663864306362323238333665653534303162366334643361353831626635
64346339633230623639616231663437323631643136656333323132653337393764396266363031
63323262373439333761643733366163343164376131346664633535383534663863356635313162
33326334653735663764643531616634356361653036386631636561666162343963313938313933
37373533333935323466646563383730306263653562656531363866333832343236653963366139
30656230373638646662396164316439316235393037646439353536326230643539373961396563
65356437613238363562376561626539613830343336353037313132646231313766386130383966
30336537663235316635373935363239666332643161396366646364303163393038663361633265
36323265653137366664663731663863373834313834616232663139386564663135366635333430
35363430646330653266643563623865326364386537323261373664373134386263336362346332
35306334663130613839623636396230393666616232323162343339643065653465623730646262
63376333613135303061383064383831396134303535343065343832373338653066616465386561
65356130646332346231653063643834653961613862653630633164633437616335626634353333
65646430313338306136643531393663353562366466346330306466643330663439613734386262
64626566663736366564323534363762653837656465643736613665396564353936666334313630
35363334353132313363646361393532313761613238386331636535666234396337376562666563
38376265336634636238663236666166646262636661653833346462323337653036626164326365
34303961313963613035653935336461333133396430396536633732326238663738643465373065
34326366383438373266626264626630656134636138333336643234643739313034343861373232
38663734616261666362363831623038663432346236396463383266646630346663343561656163
65326638313036376336323865366233313033313064363132373839653530656638343439666134
38356261336530633930386465356663626261636461333763663937353366316238306233373033
35333331333430343039643136636436626266663939663963396463626432353766616662323763
66633235313638636463353966373836393632363765383665633139323365313037373263316636
31323762663930323235376538303333373965313530383832363365323637363934353032386666
33626166366165343431303833303864366166653764323765636363386437303366363635636163
66653936623731663133346263393130653439393835633335666535326532386330373439616535
33646538386230313966343861343337656263653737353663323634396330346130666563353537
34623465373161346563346465363561363663323636393232393033623330326531323134326239
61613932646461613931636439653232656434316361633932643563633032346235396363663866
31626462316165323237353132376439633734623665653363316633336137303138636466623665
65303734396262323739326463323632363538356532376536653632623431393935306531613330
34663036656536653030306635646165343437363138343532663630663138333037303065386562
66613562373334326235346561646463623863643739643633613466663263626434343866623837
33613762343639613864333962393466313733336233316335383133343663333635663262646638
36623562383530323030373337333638626665366165323331373335393833303062343064633366
63626331333731326237653533643039303961616433656236613162333533303239396239646562
64363166383066616263353364356231616234303562373538623862626466636439666138343033
61333066366261623430333631376165356665623435666464313931663531353530393363626136
30623730376261333538396463353265373332396562636365366632346462656163393038623330
37613565396563646230306532616632373534663137666331383063333935653936623039666131
37363230656639383036396437316633306530393231613366373934613362393131323862363030
61336338633732646336326133346234626464323731356439326437323931313566356434636230
38373434646263386135316661333466306563326465363562306338323036346137383361336631
35656534336634303266666266633161346234376236343031653363373338366466353063663633
38376566343736666165306339363062663234333031633164626463363731393737666635303562
33306663383164616132666365316439646330313431353631366435656435316163666139383163
36366232326239393065623837633661376335326464623939643664366462663034616637336235
65333239353837343838353832343739616230623563633234373466303637616632333430386563
34336539636635316139356363376438646533303838643666363434303061623462323239363564
39613737313136616531306434363862353139343464306231633538623536623332393031316633
39633331353630396162323364376532346332393734653935656264303934303861636664306337
66643133386234333936393165663633326235396463356534326638663334386230343839386436
30393061636435613762386563383538313730636164353234643734656238326234333030616562
32336134316130373661323362653939613265373439343539636538666266333735373065356539
35393338343462383564653538313039303730613434333831396536343633393862623632313038
30626137633730316536636531356535343031353433656131323166656333393766663635663164
38663334363637646630306532303839316533616466653562313736643135353737646630326162
63363663363537646362303239343939646264633062626266363538623062346232366265356133
63373165393732346332316633393865376566636538393736326363623263613462353137396666
31353263633361376563666465666538376335613235383665663364313839663435323565316461
63376265356337666134616337653362356463393130323733316366623134356331656363353333
31333637343761303064336435653434653262616432613331373537363639363733303835613137
31386430373433363536636162326239306230376464306435323836663537323730643434343236
30353438653639653265313834393163356563663336316530333836616634363634613738343461
33326662393664643736343731303561343430366331323034306231313866343932333032356462
63626435356538346264376561613566353238643262316233303932353639666338316634313061
33623237616130663666653732373765316133333339653536653139656137323461346134316361
38306563663762393635313034643064333130653333333831323334343130643135363563323361
64393734666164336138363839373437333932646134303239336434613366633535653937383261
63636661656437363731306435616231613066653133383464306538636664386561653965366461
34633436343636643832636134323238383637316666376261383539643339333164346265613237
61303534316330643537303237613265396132386463366365383138623833666439303638383062
34663166376366643639383265636663663365633365383132363037303532633961363331383636
66633162323834383131346164626562343236616335353539613234666537316438626531656165
38383236316432363339666564373737373932323434643730373434356362386539363238393664
62353362303531333639316135353630313366306635663832306164303839323435643463363436
32393330396634323663636161363839633437393033633561363435623439383962343530626132
34663233396239643533623631646164306164373335353566353334623865316162313238376162
38386238306464306461656566333035666364396637653562323138643239376561636637303231
32656534373835323738333462396133633664663734366339303636376136356239326233326236
38653664313063386637666261353063653137376435616338386361663665336233336430656531
35336134386161366231643363363062323230636131346461613537653131656564386261613036
33646236373130663639373362643935653930396431316563343938613838656434366261366333
63323834626630373363353438396366356431346363613931366633656431363764633265653534
37666564353865643338343733623335383161343632343034656535383364313764326639386530
36653031363265323831393337353039393133323961643462653634363366323262373335373032
35646336666637643337343163623434646161646539306630633131396563656265653233346538
34663064316362633235376331636133313531383637666433643231656431353837373566636434
36393366303961343666363965656461376135373434313038306132313639633464326161616266
32346331343365643939376361336630323765343635626666633761626638306161313537393839
33366137386564306531646531386261633835356632326538346333646534633266386234303337
32336137343563306635633637386634333437353365336136616436366363393933393036393762
64313838653838373431303461373663376630393233333030663437623038386366653732333463
37616439323334333637313738333266306138663661393739376536623062623662656639303663
32336134656632323733313139323630643235393466353231613137363461313838623261653164
33336665316534366438383135346333383638326531353137616638376161396666373832643139
31656565626139336234333436323738356537326462646330666239353631393263656430346531
65386331353666363664616464623037383466373132643933623561356165363437613234336161
30323937643031663131313637613763373039303330333562643266653736663634393466366333
38376563616234626337656533666439646165623563353065316137633530653939316565616637
62613566366366383737383739613830366332386666396339623738346234383538373339623730
37343237633634353531363531633536343331363831313565633734363163613733343965326666
37633835643937326266366566656334343466386562356632336639353864373133383863663439
62663564356438663339303637343133643562323736363939306433376661633462353530633532
37613163353132346565623863363035363739383764313635373335376166646234646233663435
63316561666562353630663433646230653832636131396265623933393563323931386261353233
35656131633761326134353061383538616632623430306138626266363233303461623534366131
64626137616532313862633936356534663465643331373436663962633934313730653237313233
6263613236656431353531353933383034393931393461383433
